3,2
3,1
3,3
10,142
10,294
10,164
10,296
10,82
10,284
10,176
10,196
11,28
11,24
11,16
11,22
11,4
11,20
9,6
9,4
315,3
315,2
315,1
315,0
314,5
314,4
314,3
314,2
314,1
314,0
313,4
313,3
313,2
313,1
313,0
312,4
312,3
312,2
312,1
312,0
311,4
311,3
311,2
311,1
311,0
310,3
310,2
310,1
310,0
20,3
20,2
20,1
19,3
19,2
19,1
12,3
12,2
12,1
11,29
11,27
11,23
11,21
11,19
11,17
11,15
11,13
11,11
11,9
11,7
11,5
11,3
11,2
11,1
10,311
10,299
10,277
10,275
10,273
10,257
10,253
10,231
10,221
10,219
10,213
10,201
10,191
10,183
10,181
10,177
10,171
10,161
10,159
10,147
10,143
10,111
10,105
10,99
10,97
18,1
10,89
18,3
10,75
10,23
10,19
14,1
10,15
14,3
10,3
13,1
10,2
13,3
10,1
9,7
9,5
9,3
9,2
9,1
8,18
8,17
